171
109
120
6
63
6
37
0
147
46
155
171
109
120
6
63
6
37
0
147
46
155
107
125
111
195
65
141
45
144
6
168
36
179
143
86
148
159
195
111
141
104
145
47
88
179
96
0
154
179
60
77
199
70
79
49
157
73
83
67
133
4
17
42
42
4
153
108
185
35
174
128
159
24
185
93
66
69
16
77
141
26
127
147
32
59
7
105
121
56
29
142
106
142
114
38
12
156
162
168
195
61
161
36
176
28
68
121
156
86
56
107
125
111
195
65
141
45
144
6
168
36
179
143
86
148
159
195
111
141
104
145
47
88
179
96
0
154
179
60
77
199
70
79
49
157
73
83
67
133
4
17
42
42
4
153
108
185
35
174
128
159
24
185
93
66
69
16
77
171
109
120
6
63
6
37
0
147
46
155
107
125
111
195
65
141
45
144
6
168
36
179
143
86
148
159
195
111
141
104
145
47
88
179
96
0
154
179
60
77
199
70
79
49
157
73
83
67
133
4
17
42
42
4
153
108
185
35
174
128
159
24
185
93
66
69
16
77
141
26
127
147
32
59
7
105
121
56
29
142
106
142
114
38
12
156
162
168
195
61
161
36
176
28
68
121
156
86
56
141
26
127
147
32
59
7
105
121
56
29
142
106
142
114
38
12
156
162
168
195
61
161
36
176
28
68
121
156
86
56
